V 54
K 1
D 0 -6858000 4064000 0
Y 1
U 3683000 762000 254000 0 2 3 REFDES=IC?
U 3683000 508000 254000 0 2 3 DEVICE=DRV8412DDWR
U 3683000 254000 254000 0 2 0 PKG_TYPE=SOP64P810X120-45N
U 3683000 0 254000 0 2 0 Description=6A Dual Brushed DC or Single Bipolar Stepper Motor Driver (PWM Ctrl)
U 3683000 -254000 254000 0 2 0 Datasheet Link=http://www.ti.com/lit/gpn/drv8412
U 3683000 -508000 254000 0 2 0 Height=1.2
U 3683000 -762000 254000 0 2 0 RS Part Number=
U 3683000 -1016000 254000 0 2 0 RS Price/Stock=
U 3683000 -1270000 254000 0 2 0 Manufacturer_Name=Texas Instruments
U 3683000 -1524000 254000 0 2 0 Manufacturer_Part_Number=DRV8412DDWR
U 0 0 254000 0 1 0 FORWARD_PCB=1
l 5 508000 254000 3556000 254000 3556000 -6350000 508000 -6350000 508000 254000
|GRPHSTL -1 -1 -1 1
P 1 0 0 508000 0 0 2 0
L 584200 0 228600 0 2 0 1 0 GVDD_C
A 355600 50800 203200 0 9 3 #=1
A 0 0 9 0 3 0 PINTYPE=BI
P 2 0 -254000 508000 -254000 0 2 0
L 584200 -254000 228600 0 2 0 1 0 VDD
A 355600 -203200 203200 0 9 3 #=2
A 0 0 9 0 3 0 PINTYPE=BI
P 3 0 -508000 508000 -508000 0 2 0
L 584200 -508000 228600 0 2 0 1 0 NC_1
A 355600 -457200 203200 0 9 3 #=3
A 0 0 9 0 3 0 PINTYPE=BI
P 4 0 -762000 508000 -762000 0 2 0
L 584200 -762000 228600 0 2 0 1 0 NC_2
A 355600 -711200 203200 0 9 3 #=4
A 0 0 9 0 3 0 PINTYPE=BI
P 5 0 -1016000 508000 -1016000 0 2 0
L 584200 -1016000 228600 0 2 0 1 0 PWM_D
A 355600 -965200 203200 0 9 3 #=5
A 0 0 9 0 3 0 PINTYPE=BI
P 6 0 -1270000 508000 -1270000 0 2 0
L 584200 -1270000 228600 0 2 0 1 0 ~RESET_CD
A 355600 -1219200 203200 0 9 3 #=6
A 0 0 9 0 3 0 PINTYPE=BI
P 7 0 -1524000 508000 -1524000 0 2 0
L 584200 -1524000 228600 0 2 0 1 0 PWM_C
A 355600 -1473200 203200 0 9 3 #=7
A 0 0 9 0 3 0 PINTYPE=BI
P 8 0 -1778000 508000 -1778000 0 2 0
L 584200 -1778000 228600 0 2 0 1 0 M1
A 355600 -1727200 203200 0 9 3 #=8
A 0 0 9 0 3 0 PINTYPE=BI
P 9 0 -2032000 508000 -2032000 0 2 0
L 584200 -2032000 228600 0 2 0 1 0 M2
A 355600 -1981200 203200 0 9 3 #=9
A 0 0 9 0 3 0 PINTYPE=BI
P 10 0 -2286000 508000 -2286000 0 2 0
L 584200 -2286000 228600 0 2 0 1 0 M3
A 355600 -2235200 203200 0 9 3 #=10
A 0 0 9 0 3 0 PINTYPE=BI
P 11 0 -2540000 508000 -2540000 0 2 0
L 584200 -2540000 228600 0 2 0 1 0 VREG
A 355600 -2489200 203200 0 9 3 #=11
A 0 0 9 0 3 0 PINTYPE=BI
P 12 0 -2794000 508000 -2794000 0 2 0
L 584200 -2794000 228600 0 2 0 1 0 AGND
A 355600 -2743200 203200 0 9 3 #=12
A 0 0 9 0 3 0 PINTYPE=BI
P 13 0 -3048000 508000 -3048000 0 2 0
L 584200 -3048000 228600 0 2 0 1 0 GND
A 355600 -2997200 203200 0 9 3 #=13
A 0 0 9 0 3 0 PINTYPE=BI
P 14 0 -3302000 508000 -3302000 0 2 0
L 584200 -3302000 228600 0 2 0 1 0 OC_ADJ
A 355600 -3251200 203200 0 9 3 #=14
A 0 0 9 0 3 0 PINTYPE=BI
P 15 0 -3556000 508000 -3556000 0 2 0
L 584200 -3556000 228600 0 2 0 1 0 PWM_B
A 355600 -3505200 203200 0 9 3 #=15
A 0 0 9 0 3 0 PINTYPE=BI
P 16 0 -3810000 508000 -3810000 0 2 0
L 584200 -3810000 228600 0 2 0 1 0 ~RESET_AB
A 355600 -3759200 203200 0 9 3 #=16
A 0 0 9 0 3 0 PINTYPE=BI
P 17 0 -4064000 508000 -4064000 0 2 0
L 584200 -4064000 228600 0 2 0 1 0 PWM_A
A 355600 -4013200 203200 0 9 3 #=17
A 0 0 9 0 3 0 PINTYPE=BI
P 18 0 -4318000 508000 -4318000 0 2 0
L 584200 -4318000 228600 0 2 0 1 0 ~FAULT
A 355600 -4267200 203200 0 9 3 #=18
A 0 0 9 0 3 0 PINTYPE=BI
P 19 0 -4572000 508000 -4572000 0 2 0
L 584200 -4572000 228600 0 2 0 1 0 NC_3
A 355600 -4521200 203200 0 9 3 #=19
A 0 0 9 0 3 0 PINTYPE=BI
P 20 0 -4826000 508000 -4826000 0 2 0
L 584200 -4826000 228600 0 2 0 1 0 NC_4
A 355600 -4775200 203200 0 9 3 #=20
A 0 0 9 0 3 0 PINTYPE=BI
P 21 0 -5080000 508000 -5080000 0 2 0
L 584200 -5080000 228600 0 2 0 1 0 ~OTW
A 355600 -5029200 203200 0 9 3 #=21
A 0 0 9 0 3 0 PINTYPE=BI
P 22 0 -5334000 508000 -5334000 0 2 0
L 584200 -5334000 228600 0 2 0 1 0 GVDD_B
A 355600 -5283200 203200 0 9 3 #=22
A 0 0 9 0 3 0 PINTYPE=BI
P 23 2032000 -6858000 2032000 -6350000 0 1 0
L 2032000 -6273800 228600 1 2 0 1 0 EPAD
A 1981200 -6502400 203200 1 9 3 #=45
A 0 0 9 0 3 0 PINTYPE=BI
P 24 4064000 0 3556000 0 0 3 0
L 3479800 0 228600 0 8 0 1 0 GVDD_D
A 3708400 50800 203200 0 3 3 #=44
A 0 0 9 0 3 0 PINTYPE=BI
P 25 4064000 -254000 3556000 -254000 0 3 0
L 3479800 -254000 228600 0 8 0 1 0 BST_D
A 3708400 -203200 203200 0 3 3 #=43
A 0 0 9 0 3 0 PINTYPE=BI
P 26 4064000 -508000 3556000 -508000 0 3 0
L 3479800 -508000 228600 0 8 0 1 0 NC_6
A 3708400 -457200 203200 0 3 3 #=42
A 0 0 9 0 3 0 PINTYPE=BI
P 27 4064000 -762000 3556000 -762000 0 3 0
L 3479800 -762000 228600 0 8 0 1 0 PVDD_D_2
A 3708400 -711200 203200 0 3 3 #=41
A 0 0 9 0 3 0 PINTYPE=BI
P 28 4064000 -1016000 3556000 -1016000 0 3 0
L 3479800 -1016000 228600 0 8 0 1 0 PVDD_D_1
A 3708400 -965200 203200 0 3 3 #=40
A 0 0 9 0 3 0 PINTYPE=BI
P 29 4064000 -1270000 3556000 -1270000 0 3 0
L 3479800 -1270000 228600 0 8 0 1 0 OUT_D
A 3708400 -1219200 203200 0 3 3 #=39
A 0 0 9 0 3 0 PINTYPE=BI
P 30 4064000 -1524000 3556000 -1524000 0 3 0
L 3479800 -1524000 228600 0 8 0 1 0 GND_D
A 3708400 -1473200 203200 0 3 3 #=38
A 0 0 9 0 3 0 PINTYPE=BI
P 31 4064000 -1778000 3556000 -1778000 0 3 0
L 3479800 -1778000 228600 0 8 0 1 0 GND_C
A 3708400 -1727200 203200 0 3 3 #=37
A 0 0 9 0 3 0 PINTYPE=BI
P 32 4064000 -2032000 3556000 -2032000 0 3 0
L 3479800 -2032000 228600 0 8 0 1 0 OUT_C
A 3708400 -1981200 203200 0 3 3 #=36
A 0 0 9 0 3 0 PINTYPE=BI
P 33 4064000 -2286000 3556000 -2286000 0 3 0
L 3479800 -2286000 228600 0 8 0 1 0 PVDD_C
A 3708400 -2235200 203200 0 3 3 #=35
A 0 0 9 0 3 0 PINTYPE=BI
P 34 4064000 -2540000 3556000 -2540000 0 3 0
L 3479800 -2540000 228600 0 8 0 1 0 BST_C
A 3708400 -2489200 203200 0 3 3 #=34
A 0 0 9 0 3 0 PINTYPE=BI
P 35 4064000 -2794000 3556000 -2794000 0 3 0
L 3479800 -2794000 228600 0 8 0 1 0 BST_B
A 3708400 -2743200 203200 0 3 3 #=33
A 0 0 9 0 3 0 PINTYPE=BI
P 36 4064000 -3048000 3556000 -3048000 0 3 0
L 3479800 -3048000 228600 0 8 0 1 0 PVDD_B
A 3708400 -2997200 203200 0 3 3 #=32
A 0 0 9 0 3 0 PINTYPE=BI
P 37 4064000 -3302000 3556000 -3302000 0 3 0
L 3479800 -3302000 228600 0 8 0 1 0 OUT_B
A 3708400 -3251200 203200 0 3 3 #=31
A 0 0 9 0 3 0 PINTYPE=BI
P 38 4064000 -3556000 3556000 -3556000 0 3 0
L 3479800 -3556000 228600 0 8 0 1 0 GND_B
A 3708400 -3505200 203200 0 3 3 #=30
A 0 0 9 0 3 0 PINTYPE=BI
P 39 4064000 -3810000 3556000 -3810000 0 3 0
L 3479800 -3810000 228600 0 8 0 1 0 GND_A
A 3708400 -3759200 203200 0 3 3 #=29
A 0 0 9 0 3 0 PINTYPE=BI
P 40 4064000 -4064000 3556000 -4064000 0 3 0
L 3479800 -4064000 228600 0 8 0 1 0 OUT_A
A 3708400 -4013200 203200 0 3 3 #=28
A 0 0 9 0 3 0 PINTYPE=BI
P 41 4064000 -4318000 3556000 -4318000 0 3 0
L 3479800 -4318000 228600 0 8 0 1 0 PVDD_A_2
A 3708400 -4267200 203200 0 3 3 #=27
A 0 0 9 0 3 0 PINTYPE=BI
P 42 4064000 -4572000 3556000 -4572000 0 3 0
L 3479800 -4572000 228600 0 8 0 1 0 PVDD_A_1
A 3708400 -4521200 203200 0 3 3 #=26
A 0 0 9 0 3 0 PINTYPE=BI
P 43 4064000 -4826000 3556000 -4826000 0 3 0
L 3479800 -4826000 228600 0 8 0 1 0 NC_5
A 3708400 -4775200 203200 0 3 3 #=25
A 0 0 9 0 3 0 PINTYPE=BI
P 44 4064000 -5080000 3556000 -5080000 0 3 0
L 3479800 -5080000 228600 0 8 0 1 0 BST_A
A 3708400 -5029200 203200 0 3 3 #=24
A 0 0 9 0 3 0 PINTYPE=BI
P 45 4064000 -5334000 3556000 -5334000 0 3 0
L 3479800 -5334000 228600 0 8 0 1 0 GVDD_A
A 3708400 -5283200 203200 0 3 3 #=23
A 0 0 9 0 3 0 PINTYPE=BI
E
