V 54
K 1
D 0 -1016000 2540000 0
Y 1
U 2159000 762000 254000 0 2 3 REFDES=Q?
U 2159000 508000 254000 0 2 3 DEVICE=CSD18540Q5B
U 2159000 254000 254000 0 2 0 PKG_TYPE=CSD18540Q5B
U 2159000 0 254000 0 2 0 Description=MOSFET 60V, N-channel NexFET Pwr MOSFET
U 2159000 -254000 254000 0 2 0 Datasheet Link=https://www.ti.com/lit/ds/symlink/csd18540q5b.pdf?ts=1669951210192&ref_url=https%253A%252F%252Fcomponentsearchengine.com%252F
U 2159000 -508000 254000 0 2 0 Height=1.05
U 2159000 -762000 254000 0 2 0 RS Part Number=
U 2159000 -1016000 254000 0 2 0 RS Price/Stock=
U 2159000 -1270000 254000 0 2 0 Manufacturer_Name=Texas Instruments
U 2159000 -1524000 254000 0 2 0 Manufacturer_Part_Number=CSD18540Q5B
U 0 0 254000 0 1 0 FORWARD_PCB=1
l 5 508000 254000 2032000 254000 2032000 -1270000 508000 -1270000 508000 254000
|GRPHSTL -1 -1 -1 1
P 1 0 0 508000 0 0 2 0
L 584200 0 228600 0 2 0 1 0 S_1
A 355600 50800 203200 0 9 3 #=1
A 0 0 9 0 3 0 PINTYPE=BI
P 2 0 -254000 508000 -254000 0 2 0
L 584200 -254000 228600 0 2 0 1 0 S_2
A 355600 -203200 203200 0 9 3 #=2
A 0 0 9 0 3 0 PINTYPE=BI
P 3 0 -508000 508000 -508000 0 2 0
L 584200 -508000 228600 0 2 0 1 0 S_3
A 355600 -457200 203200 0 9 3 #=3
A 0 0 9 0 3 0 PINTYPE=BI
P 4 0 -762000 508000 -762000 0 2 0
L 584200 -762000 228600 0 2 0 1 0 G
A 355600 -711200 203200 0 9 3 #=4
A 0 0 9 0 3 0 PINTYPE=BI
P 5 0 -1016000 508000 -1016000 0 2 0
L 584200 -1016000 228600 0 2 0 1 0 D_1
A 355600 -965200 203200 0 9 3 #=5
A 0 0 9 0 3 0 PINTYPE=BI
P 6 2540000 0 2032000 0 0 3 0
L 1955800 0 228600 0 8 0 1 0 D_2
A 2184400 50800 203200 0 3 3 #=6
A 0 0 9 0 3 0 PINTYPE=BI
P 7 2540000 -254000 2032000 -254000 0 3 0
L 1955800 -254000 228600 0 8 0 1 0 D_3
A 2184400 -203200 203200 0 3 3 #=7
A 0 0 9 0 3 0 PINTYPE=BI
P 8 2540000 -508000 2032000 -508000 0 3 0
L 1955800 -508000 228600 0 8 0 1 0 D_4
A 2184400 -457200 203200 0 3 3 #=8
A 0 0 9 0 3 0 PINTYPE=BI
P 9 2540000 -762000 2032000 -762000 0 3 0
L 1955800 -762000 228600 0 8 0 1 0 D_5
A 2184400 -711200 203200 0 3 3 #=9
A 0 0 9 0 3 0 PINTYPE=BI
E
