V 54
K 1
D 0 -4318000 4572000 1778000
Y 1
U 4191000 1778000 254000 0 2 3 REFDES=M?
U 4191000 1524000 254000 0 2 3 DEVICE=DRV8353RSRGZR
U 4191000 1270000 254000 0 2 0 PKG_TYPE=QFN50P700X700X100-49N-D
U 4191000 1016000 254000 0 2 0 Description=Motor / Motion / Ignition Controllers & Drivers 100-V Three-Phase Smart Gate Driver With Buck Regulator and Three Current Shunt Amplifiers 48-VQFN -40 to 125
U 4191000 762000 254000 0 2 0 Datasheet Link=http://www.ti.com/lit/ds/symlink/drv8353r.pdf
U 4191000 508000 254000 0 2 0 Height=1
U 4191000 254000 254000 0 2 0 RS Part Number=
U 4191000 0 254000 0 2 0 RS Price/Stock=
U 4191000 -254000 254000 0 2 0 Manufacturer_Name=Texas Instruments
U 4191000 -508000 254000 0 2 0 Manufacturer_Part_Number=DRV8353RSRGZR
U 0 0 254000 0 1 0 FORWARD_PCB=1
l 5 508000 1270000 4064000 1270000 4064000 -3810000 508000 -3810000 508000 1270000
|GRPHSTL -1 -1 -1 1
P 1 0 0 508000 0 0 2 0
L 584200 0 228600 0 2 0 1 0 GND
A 355600 50800 203200 0 9 3 #=1
A 0 0 9 0 3 0 PINTYPE=BI
P 2 0 -254000 508000 -254000 0 2 0
L 584200 -254000 228600 0 2 0 1 0 VGLS
A 355600 -203200 203200 0 9 3 #=2
A 0 0 9 0 3 0 PINTYPE=BI
P 3 0 -508000 508000 -508000 0 2 0
L 584200 -508000 228600 0 2 0 1 0 CPL
A 355600 -457200 203200 0 9 3 #=3
A 0 0 9 0 3 0 PINTYPE=BI
P 4 0 -762000 508000 -762000 0 2 0
L 584200 -762000 228600 0 2 0 1 0 CPH
A 355600 -711200 203200 0 9 3 #=4
A 0 0 9 0 3 0 PINTYPE=BI
P 5 0 -1016000 508000 -1016000 0 2 0
L 584200 -1016000 228600 0 2 0 1 0 VM
A 355600 -965200 203200 0 9 3 #=5
A 0 0 9 0 3 0 PINTYPE=BI
P 6 0 -1270000 508000 -1270000 0 2 0
L 584200 -1270000 228600 0 2 0 1 0 VDRAIN
A 355600 -1219200 203200 0 9 3 #=6
A 0 0 9 0 3 0 PINTYPE=BI
P 7 0 -1524000 508000 -1524000 0 2 0
L 584200 -1524000 228600 0 2 0 1 0 VCP
A 355600 -1473200 203200 0 9 3 #=7
A 0 0 9 0 3 0 PINTYPE=BI
P 8 0 -1778000 508000 -1778000 0 2 0
L 584200 -1778000 228600 0 2 0 1 0 GHA
A 355600 -1727200 203200 0 9 3 #=8
A 0 0 9 0 3 0 PINTYPE=BI
P 9 0 -2032000 508000 -2032000 0 2 0
L 584200 -2032000 228600 0 2 0 1 0 SHA
A 355600 -1981200 203200 0 9 3 #=9
A 0 0 9 0 3 0 PINTYPE=BI
P 10 0 -2286000 508000 -2286000 0 2 0
L 584200 -2286000 228600 0 2 0 1 0 GLA
A 355600 -2235200 203200 0 9 3 #=10
A 0 0 9 0 3 0 PINTYPE=BI
P 11 0 -2540000 508000 -2540000 0 2 0
L 584200 -2540000 228600 0 2 0 1 0 SPA
A 355600 -2489200 203200 0 9 3 #=11
A 0 0 9 0 3 0 PINTYPE=BI
P 12 0 -2794000 508000 -2794000 0 2 0
L 584200 -2794000 228600 0 2 0 1 0 SNA
A 355600 -2743200 203200 0 9 3 #=12
A 0 0 9 0 3 0 PINTYPE=BI
P 13 762000 -4318000 762000 -3810000 0 1 0
L 762000 -3733800 228600 1 2 0 1 0 SNB
A 711200 -3962400 203200 1 9 3 #=13
A 0 0 9 0 3 0 PINTYPE=BI
P 14 1016000 -4318000 1016000 -3810000 0 1 0
L 1016000 -3733800 228600 1 2 0 1 0 SPB
A 965200 -3962400 203200 1 9 3 #=14
A 0 0 9 0 3 0 PINTYPE=BI
P 15 1270000 -4318000 1270000 -3810000 0 1 0
L 1270000 -3733800 228600 1 2 0 1 0 GLB
A 1219200 -3962400 203200 1 9 3 #=15
A 0 0 9 0 3 0 PINTYPE=BI
P 16 1524000 -4318000 1524000 -3810000 0 1 0
L 1524000 -3733800 228600 1 2 0 1 0 SHB
A 1473200 -3962400 203200 1 9 3 #=16
A 0 0 9 0 3 0 PINTYPE=BI
P 17 1778000 -4318000 1778000 -3810000 0 1 0
L 1778000 -3733800 228600 1 2 0 1 0 GHB
A 1727200 -3962400 203200 1 9 3 #=17
A 0 0 9 0 3 0 PINTYPE=BI
P 18 2032000 -4318000 2032000 -3810000 0 1 0
L 2032000 -3733800 228600 1 2 0 1 0 GHC
A 1981200 -3962400 203200 1 9 3 #=18
A 0 0 9 0 3 0 PINTYPE=BI
P 19 2286000 -4318000 2286000 -3810000 0 1 0
L 2286000 -3733800 228600 1 2 0 1 0 SHC
A 2235200 -3962400 203200 1 9 3 #=19
A 0 0 9 0 3 0 PINTYPE=BI
P 20 2540000 -4318000 2540000 -3810000 0 1 0
L 2540000 -3733800 228600 1 2 0 1 0 GLC
A 2489200 -3962400 203200 1 9 3 #=20
A 0 0 9 0 3 0 PINTYPE=BI
P 21 2794000 -4318000 2794000 -3810000 0 1 0
L 2794000 -3733800 228600 1 2 0 1 0 SPC
A 2743200 -3962400 203200 1 9 3 #=21
A 0 0 9 0 3 0 PINTYPE=BI
P 22 3048000 -4318000 3048000 -3810000 0 1 0
L 3048000 -3733800 228600 1 2 0 1 0 SNC
A 2997200 -3962400 203200 1 9 3 #=22
A 0 0 9 0 3 0 PINTYPE=BI
P 23 3302000 -4318000 3302000 -3810000 0 1 0
L 3302000 -3733800 228600 1 2 0 1 0 SOC
A 3251200 -3962400 203200 1 9 3 #=23
A 0 0 9 0 3 0 PINTYPE=BI
P 24 3556000 -4318000 3556000 -3810000 0 1 0
L 3556000 -3733800 228600 1 2 0 1 0 SOB
A 3505200 -3962400 203200 1 9 3 #=24
A 0 0 9 0 3 0 PINTYPE=BI
P 25 4572000 0 4064000 0 0 3 0
L 3987800 0 228600 0 8 0 1 0 INHB
A 4216400 50800 203200 0 3 3 #=36
A 0 0 9 0 3 0 PINTYPE=BI
P 26 4572000 -254000 4064000 -254000 0 3 0
L 3987800 -254000 228600 0 8 0 1 0 INLA
A 4216400 -203200 203200 0 3 3 #=35
A 0 0 9 0 3 0 PINTYPE=BI
P 27 4572000 -508000 4064000 -508000 0 3 0
L 3987800 -508000 228600 0 8 0 1 0 INHA
A 4216400 -457200 203200 0 3 3 #=34
A 0 0 9 0 3 0 PINTYPE=BI
P 28 4572000 -762000 4064000 -762000 0 3 0
L 3987800 -762000 228600 0 8 0 1 0 ENABLE
A 4216400 -711200 203200 0 3 3 #=33
A 0 0 9 0 3 0 PINTYPE=BI
P 29 4572000 -1016000 4064000 -1016000 0 3 0
L 3987800 -1016000 228600 0 8 0 1 0 NSCS
A 4216400 -965200 203200 0 3 3 #=32
A 0 0 9 0 3 0 PINTYPE=BI
P 30 4572000 -1270000 4064000 -1270000 0 3 0
L 3987800 -1270000 228600 0 8 0 1 0 SCLK
A 4216400 -1219200 203200 0 3 3 #=31
A 0 0 9 0 3 0 PINTYPE=BI
P 31 4572000 -1524000 4064000 -1524000 0 3 0
L 3987800 -1524000 228600 0 8 0 1 0 SDI
A 4216400 -1473200 203200 0 3 3 #=30
A 0 0 9 0 3 0 PINTYPE=BI
P 32 4572000 -1778000 4064000 -1778000 0 3 0
L 3987800 -1778000 228600 0 8 0 1 0 SDO
A 4216400 -1727200 203200 0 3 3 #=29
A 0 0 9 0 3 0 PINTYPE=BI
P 33 4572000 -2032000 4064000 -2032000 0 3 0
L 3987800 -2032000 228600 0 8 0 1 0 NFAULT
A 4216400 -1981200 203200 0 3 3 #=28
A 0 0 9 0 3 0 PINTYPE=BI
P 34 4572000 -2286000 4064000 -2286000 0 3 0
L 3987800 -2286000 228600 0 8 0 1 0 AGND
A 4216400 -2235200 203200 0 3 3 #=27
A 0 0 9 0 3 0 PINTYPE=BI
P 35 4572000 -2540000 4064000 -2540000 0 3 0
L 3987800 -2540000 228600 0 8 0 1 0 VREF
A 4216400 -2489200 203200 0 3 3 #=26
A 0 0 9 0 3 0 PINTYPE=BI
P 36 4572000 -2794000 4064000 -2794000 0 3 0
L 3987800 -2794000 228600 0 8 0 1 0 SOA
A 4216400 -2743200 203200 0 3 3 #=25
A 0 0 9 0 3 0 PINTYPE=BI
P 37 762000 1778000 762000 1270000 0 0 0
L 762000 1193800 228600 1 8 0 1 0 PAD
A 711200 1422400 203200 1 3 3 #=49
A 0 0 9 0 3 0 PINTYPE=BI
P 38 1016000 1778000 1016000 1270000 0 0 0
L 1016000 1193800 228600 1 8 0 1 0 FB
A 965200 1422400 203200 1 3 3 #=48
A 0 0 9 0 3 0 PINTYPE=BI
P 39 1270000 1778000 1270000 1270000 0 0 0
L 1270000 1193800 228600 1 8 0 1 0 RT/SD
A 1219200 1422400 203200 1 3 3 #=47
A 0 0 9 0 3 0 PINTYPE=BI
P 40 1524000 1778000 1524000 1270000 0 0 0
L 1524000 1193800 228600 1 8 0 1 0 RCL
A 1473200 1422400 203200 1 3 3 #=46
A 0 0 9 0 3 0 PINTYPE=BI
P 41 1778000 1778000 1778000 1270000 0 0 0
L 1778000 1193800 228600 1 8 0 1 0 BST
A 1727200 1422400 203200 1 3 3 #=45
A 0 0 9 0 3 0 PINTYPE=BI
P 42 2032000 1778000 2032000 1270000 0 0 0
L 2032000 1193800 228600 1 8 0 1 0 VCC
A 1981200 1422400 203200 1 3 3 #=44
A 0 0 9 0 3 0 PINTYPE=BI
P 43 2286000 1778000 2286000 1270000 0 0 0
L 2286000 1193800 228600 1 8 0 1 0 VIN
A 2235200 1422400 203200 1 3 3 #=43
A 0 0 9 0 3 0 PINTYPE=BI
P 44 2540000 1778000 2540000 1270000 0 0 0
L 2540000 1193800 228600 1 8 0 1 0 SW
A 2489200 1422400 203200 1 3 3 #=42
A 0 0 9 0 3 0 PINTYPE=BI
P 45 2794000 1778000 2794000 1270000 0 0 0
L 2794000 1193800 228600 1 8 0 1 0 DGND
A 2743200 1422400 203200 1 3 3 #=41
A 0 0 9 0 3 0 PINTYPE=BI
P 46 3048000 1778000 3048000 1270000 0 0 0
L 3048000 1193800 228600 1 8 0 1 0 DVDD
A 2997200 1422400 203200 1 3 3 #=40
A 0 0 9 0 3 0 PINTYPE=BI
P 47 3302000 1778000 3302000 1270000 0 0 0
L 3302000 1193800 228600 1 8 0 1 0 INLC
A 3251200 1422400 203200 1 3 3 #=39
A 0 0 9 0 3 0 PINTYPE=BI
P 48 3556000 1778000 3556000 1270000 0 0 0
L 3556000 1193800 228600 1 8 0 1 0 INHC
A 3505200 1422400 203200 1 3 3 #=38
A 0 0 9 0 3 0 PINTYPE=BI
P 49 3810000 1778000 3810000 1270000 0 0 0
L 3810000 1193800 228600 1 8 0 1 0 INLB
A 3759200 1422400 203200 1 3 3 #=37
A 0 0 9 0 3 0 PINTYPE=BI
E
