V 54
K 1
D 0 -254000 0 0
Y 1
U 1651000 762000 254000 0 2 3 REFDES=IC?
U 1651000 508000 254000 0 2 3 DEVICE=NJL7502R
U 1651000 254000 254000 0 2 0 PKG_TYPE=NJL7502R
U 1651000 0 254000 0 2 0 Description=Ambient Light Sensor
U 1651000 -254000 254000 0 2 0 Datasheet Link=
U 1651000 -508000 254000 0 2 0 Height=0.65
U 1651000 -762000 254000 0 2 0 RS Part Number=
U 1651000 -1016000 254000 0 2 0 RS Price/Stock=
U 1651000 -1270000 254000 0 2 0 Manufacturer_Name=New Japan Radio
U 1651000 -1524000 254000 0 2 0 Manufacturer_Part_Number=NJL7502R
U 0 0 254000 0 1 0 FORWARD_PCB=1
l 5 508000 254000 1524000 254000 1524000 -508000 508000 -508000 508000 254000
|GRPHSTL -1 -1 -1 1
P 1 0 0 508000 0 0 2 0
L 584200 0 228600 0 2 0 1 0 C
A 355600 50800 203200 0 9 3 #=1
A 0 0 9 0 3 0 PINTYPE=BI
P 2 0 -254000 508000 -254000 0 2 0
L 584200 -254000 228600 0 2 0 1 0 E
A 355600 -203200 203200 0 9 3 #=2
A 0 0 9 0 3 0 PINTYPE=BI
E
