V 54
K 1
D 0 -1524000 0 0
Y 1
U 381000 -635000 254000 0 2 3 REFDES=Q?
U 381000 -889000 254000 0 2 3 DEVICE=NJL7502L
U 381000 -1143000 254000 0 2 0 PKG_TYPE=NJL7502L
U 381000 -1397000 254000 0 2 0 Description=Ambient Light Sensors Ambient Light Sensor -40C to 85C ,70V,560 nm V,100 nA
U 381000 -1651000 254000 0 2 0 Datasheet Link=https://www.nisshinbo-microdevices.co.jp/en/pdf/datasheet/NJL7502L_E.pdf
U 381000 -1905000 254000 0 2 0 Height=5.5
U 381000 -2159000 254000 0 2 0 RS Part Number=
U 381000 -2413000 254000 0 2 0 RS Price/Stock=
U 381000 -2667000 254000 0 2 0 Manufacturer_Name=Nisshinbo
U 381000 -2921000 254000 0 2 0 Manufacturer_Part_Number=NJL7502L
U 0 0 254000 0 1 0 FORWARD_PCB=1
l 2 -254000 -508000 -254000 -1016000
|GRPHSTL -1 -1 -1 5
l 2 -254000 -635000 0 -381000
|GRPHSTL -1 -1 -1 1
l 2 0 -1143000 0 -1270000
|GRPHSTL -1 -1 -1 1
l 2 0 -381000 0 -254000
|GRPHSTL -1 -1 -1 1
l 4 -177800 -1016000 -127000 -965200 -76200 -1066800 -177800 -1016000
|GRPHSTL -1 1 -1 3
l 2 -254000 -889000 0 -1143000
|GRPHSTL -1 -1 -1 1
l 2 -762000 -203200 -508000 -457200
|GRPHSTL -1 -1 -1 1
l 4 -812800 -533400 -736600 -457200 -660400 -609600 -812800 -533400
|GRPHSTL -1 1 -1 3
l 2 -914400 -355600 -660400 -609600
|GRPHSTL -1 -1 -1 1
l 4 -660400 -381000 -584200 -304800 -508000 -457200 -660400 -381000
|GRPHSTL -1 1 -1 3
c -127000 -762000 401609
|GRPHSTL -1 -1 -1 3
P 1 0 -1524000 0 -1270000 0 1 0
L 50800 -1524000 228600 0 3 0 1 0 E
A -50800 -1524000 203200 0 9 3 #=2
A 0 0 9 0 3 0 PINTYPE=BI
P 2 0 0 0 -254000 0 0 0
L 50800 0 228600 0 1 0 1 0 C
A -50800 0 203200 0 7 3 #=1
A 0 0 9 0 3 0 PINTYPE=BI
E
