V 54
K 1
D 0 -1524000 3302000 1270000
Y 1
U 2921000 1270000 254000 0 2 3 REFDES=J?
U 2921000 1016000 254000 0 2 3 DEVICE=0527450897
U 2921000 762000 254000 0 2 0 PKG_TYPE=0527450897
U 2921000 508000 254000 0 2 0 Description=Easy-On FFC/FPC Connector, 0.50mm Pitch, Slider Series, Right-Angle, Top  Contact, 2.00mm Height, 8 Circuits, Gold Plating
U 2921000 254000 254000 0 2 0 Datasheet Link=https://www.molex.com/en-us/products/part-detail-pdf/527450897?display=pdf
U 2921000 0 254000 0 2 0 Height=2.2
U 2921000 -254000 254000 0 2 0 Manufacturer_Name=Molex
U 2921000 -508000 254000 0 2 0 Manufacturer_Part_Number=0527450897
U 2921000 -762000 254000 0 2 0 Mouser Part Number=
U 2921000 -1016000 254000 0 2 0 Mouser Price/Stock=
U 2921000 -1270000 254000 0 2 0 Arrow Part Number=0527450897
U 2921000 -1524000 254000 0 2 0 Arrow Price/Stock=https://www.arrow.com/en/products/0527450897/molex
U 0 0 254000 0 1 0 FORWARD_PCB=1
l 5 508000 762000 2794000 762000 2794000 -1016000 508000 -1016000 508000 762000
|GRPHSTL -1 -1 -1 1
P 1 762000 1270000 762000 762000 0 0 0
L 762000 685800 228600 1 8 0 1 0 1
A 711200 914400 203200 1 3 3 #=1
A 0 0 9 0 3 0 PINTYPE=BI
P 2 1016000 1270000 1016000 762000 0 0 0
L 1016000 685800 228600 1 8 0 1 0 2
A 965200 914400 203200 1 3 3 #=2
A 0 0 9 0 3 0 PINTYPE=BI
P 3 1270000 1270000 1270000 762000 0 0 0
L 1270000 685800 228600 1 8 0 1 0 3
A 1219200 914400 203200 1 3 3 #=3
A 0 0 9 0 3 0 PINTYPE=BI
P 4 1524000 1270000 1524000 762000 0 0 0
L 1524000 685800 228600 1 8 0 1 0 4
A 1473200 914400 203200 1 3 3 #=4
A 0 0 9 0 3 0 PINTYPE=BI
P 5 1778000 1270000 1778000 762000 0 0 0
L 1778000 685800 228600 1 8 0 1 0 5
A 1727200 914400 203200 1 3 3 #=5
A 0 0 9 0 3 0 PINTYPE=BI
P 6 2032000 1270000 2032000 762000 0 0 0
L 2032000 685800 228600 1 8 0 1 0 6
A 1981200 914400 203200 1 3 3 #=6
A 0 0 9 0 3 0 PINTYPE=BI
P 7 2286000 1270000 2286000 762000 0 0 0
L 2286000 685800 228600 1 8 0 1 0 7
A 2235200 914400 203200 1 3 3 #=7
A 0 0 9 0 3 0 PINTYPE=BI
P 8 2540000 1270000 2540000 762000 0 0 0
L 2540000 685800 228600 1 8 0 1 0 8
A 2489200 914400 203200 1 3 3 #=8
A 0 0 9 0 3 0 PINTYPE=BI
P 9 0 0 508000 0 0 2 0
L 584200 0 228600 0 2 0 1 0 MP1
A 355600 50800 203200 0 9 3 #=MP1
A 0 0 9 0 3 0 PINTYPE=BI
P 10 1524000 -1524000 1524000 -1016000 0 1 0
L 1524000 -939800 228600 1 2 0 1 0 MP2
A 1473200 -1168400 203200 1 9 3 #=MP2
A 0 0 9 0 3 0 PINTYPE=BI
P 11 1778000 -1524000 1778000 -1016000 0 1 0
L 1778000 -939800 228600 1 2 0 1 0 MP3
A 1727200 -1168400 203200 1 9 3 #=MP3
A 0 0 9 0 3 0 PINTYPE=BI
P 12 3302000 0 2794000 0 0 3 0
L 2717800 0 228600 0 8 0 1 0 MP4
A 2946400 50800 203200 0 3 3 #=MP4
A 0 0 9 0 3 0 PINTYPE=BI
E
